Frequencies sum to 45
   i  freq  parent  bits product  code
    0     1    16     4       4  0000
    1     2    16     4       8  0001
    2     3    19     3       9  001
    3     4    21     3      12  010
    4     5    21     3      15  011
    5     5    23     4      20  1000
    6     4    23     4      16  1001
    7     3    20     4      12  1010
    8     2    17     5      10  10110
    9     1    15     6       6  101110
   10     1    15     6       6  101111
   11     2    18     5      10  11000
   12     3    18     5      15  11001
   13     4    22     4      16  1101
   14     5    24     3      15  111
Weighted sum: 174
   i  freq    left right parent
   15     2     9    10     17
   16     3     0     1     19
   17     4     8    15     20
   18     5    11    12     22
   19     6    16     2     25
   20     7     7    17     26
   21     9     3     4     25
   22     9    18    13     24
   23     9     5     6     26
   24    14    22    14     27
   25    15    19    21     28
   26    16    23    20     27
   27    30    26    24     28
   28    45    25    27     -1
Code tree for exact:
         14
      12 14  cost 19
            13
         12 13  cost 7
            12
   6 14  cost 76
               11
            9 11  cost 6
                  10
               9 10  cost 2
                  9
         8 11  cost 12
            8
      6 11  cost 32
            7
         6 7  cost 7
            6
0 14  cost 170
         5
      4 5  cost 10
         4
   0 5  cost 49
         3
      0 3  cost 19
            2
         0 2  cost 9
               1
            0 1  cost 3
               0
Codes & weighted sums
0 00000 5
1 00001 10
2 0001 12
3 001 12
4 010 15
5 011 15
6 1000 16
7 1001 12
8 1010 8
9 101100 6
10 101101 6
11 10111 10
12 1100 12
13 1101 16
14 111 15