1 100
1 300
1 500
1 700
1 900
1 1100
1 1300
1 1500
1 1700
1 1900
1 2100
1 2300
1 2500
1 2700
1 2900
1 3100
1 3300
1 3500
1 3700
1 3900
1 4100
1 4300
1 4500
1 4700
1 4900
1 5100
1 5300
1 5500
1 5700
1 5900
1 6100
1 6300
1 6500
1 6700
1 6900
1 7100
1 7300
1 7500
1 7700
1 7900
1 8100
1 8300
1 8500
1 8700
1 8900
1 9100
1 9300
1 9500
1 9700
1 9900
2 5000
2 5500
2 7000
2 8000
3 14
3 19
3 24
3 29
3 49
3 99
4
1 9800
1 9600
1 9400
1 9200
1 9000
1 8800
1 8600
1 8400
1 8200
1 8000
1 7800
1 7600
1 7400
1 7200
1 7000
1 6800
1 6600
1 6400
1 6200
1 6000
1 5800
1 5600
1 5400
1 5200
1 5000
1 4800
1 4600
1 4400
1 4200
1 4000
1 3800
1 3600
1 3400
1 3200
1 3000
1 2800
1 2600
1 2400
1 2200
1 2000
1 1800
1 1600
1 1400
1 1200
1 1000
1 800
1 600
1 400
1 200
2 5000
2 5500
2 7000
2 8000
3 14
3 19
3 24
3 29
3 49
3 99
4
1 1001
1 1101
1 1201
1 1301
1 1401
1 1501
1 1601
1 1701
1 1801
1 1901
1 2001
1 2101
1 2201
1 2301
1 2401
1 2501
1 2601
1 2701
1 2801
1 2901
1 3001
1 3101
1 3201
1 3301
1 3401
1 3501
1 3601
1 3701
1 3801
1 3901
1 4001
1 4101
1 4201
1 4301
1 4401
1 4501
1 4601
1 4701
1 4801
1 4901
1 5001
1 5101
1 5201
1 5301
1 5401
1 5501
1 5601
1 5701
1 5801
1 5901
1 6001
1 6101
1 6201
1 6301
1 6401
1 6501
1 6601
1 6701
1 6801
1 6901
1 7001
1 7101
1 7201
1 7301
1 7401
1 7501
1 7601
1 7701
1 7801
1 7901
1 8001
1 8101
1 8201
1 8301
1 8401
1 8501
1 8601
1 8701
1 8801
1 8901
1 9001
1 9101
1 9201
1 9301
1 9401
1 9501
1 9601
1 9701
1 9801
1 9901
1 2900
2 5000
2 5500
2 7000
2 8000
3 14
3 19
3 24
3 29
3 49
3 99
4
0